164 | 38.72011 | -9.15486 | 1 |  | RATO | 
164 | 38.72593 | -9.14965 | 2 |  | MARQUÊS DE POMBAL | 
164 | 38.73024 | -9.14703 | 3 |  | PICOAS | 
164 | 38.73483 | -9.14528 | 4 |  | SALDANHA | 
164 | 38.74079 | -9.14673 | 5 |  | CAMPO PEQUENO | 
164 | 38.74698 | -9.14823 | 6 |  | ENTRE CAMPOS | 
164 | 38.75144 | -9.15915 | 7 |  | CIDADE UNIVERSITÁRIA | 
164 | 38.76016 | -9.15788 | 8 |  | CAMPO GRANDE | 
164 | 38.76745 | -9.15549 | 9 |  | QUINTA DAS CONCHAS | 
164 | 38.77329 | -9.15933 | 10 |  | LUMIAR | 
164 | 38.77953 | -9.15961 | 11 |  | AMEIXOEIRA | 
164 | 38.78576 | -9.1719 | 12 |  | SENHOR ROUBADO | 
164 | 38.79344 | -9.17343 | 13 |  | ODIVELAS | 
165 | 38.79344 | -9.17343 | 1 |  | ODIVELAS | 
165 | 38.78576 | -9.1719 | 2 |  | SENHOR ROUBADO | 
165 | 38.77953 | -9.15961 | 3 |  | AMEIXOEIRA | 
165 | 38.77329 | -9.15933 | 4 |  | LUMIAR | 
165 | 38.76745 | -9.15549 | 5 |  | QUINTA DAS CONCHAS | 
165 | 38.76016 | -9.15788 | 6 |  | CAMPO GRANDE | 
165 | 38.75144 | -9.15915 | 7 |  | CIDADE UNIVERSITÁRIA | 
165 | 38.74698 | -9.14823 | 8 |  | ENTRE CAMPOS | 
165 | 38.74079 | -9.14673 | 9 |  | CAMPO PEQUENO | 
165 | 38.73483 | -9.14528 | 10 |  | SALDANHA | 
165 | 38.73024 | -9.14703 | 11 |  | PICOAS | 
165 | 38.72593 | -9.14965 | 12 |  | MARQUÊS DE POMBAL | 
165 | 38.72011 | -9.15486 | 13 |  | RATO | 
166 | 38.75221 | -9.22414 | 1 |  | REBOLEIRA | 
166 | 38.75855 | -9.21794 | 2 |  | AMADORA ESTE | 
166 | 38.76035 | -9.20455 | 3 |  | ALFORNELOS | 
166 | 38.76223 | -9.19697 | 4 |  | PONTINHA | 
166 | 38.75901 | -9.19276 | 5 |  | CARNIDE | 
166 | 38.75372 | -9.18987 | 6 |  | COLÉGIO MILITAR | 
166 | 38.74993 | -9.18007 | 7 |  | ALTO DOS MOINHOS | 
166 | 38.74849 | -9.17252 | 8 |  | LARANJEIRAS | 
166 | 38.7412 | -9.16836 | 9 |  | JARDIM ZOOLÓGICO | 
166 | 38.7377 | -9.15936 | 10 |  | PRAÇA DE ESPANHA | 
166 | 38.734 | -9.15365 | 11 |  | SÃO SEBASTIÃO | 
166 | 38.72914 | -9.15015 | 12 |  | PARQUE | 
166 | 38.72593 | -9.14965 | 13 |  | MARQUÊS DE POMBAL | 
166 | 38.71934 | -9.14513 | 14 |  | AVENIDA | 
166 | 38.7161 | -9.14239 | 15 |  | RESTAURADORES | 
166 | 38.71041 | -9.14018 | 16 |  | BAIXA CHIADO | 
166 | 38.70722 | -9.13286 | 17 |  | TERREIRO PAÇO | 
166 | 38.71378 | -9.12212 | 18 |  | SANTA APOLÓNIA | 
167 | 38.71378 | -9.12212 | 1 |  | SANTA APOLÓNIA | 
167 | 38.70722 | -9.13286 | 2 |  | TERREIRO PAÇO | 
167 | 38.71041 | -9.14018 | 3 |  | BAIXA CHIADO | 
167 | 38.7161 | -9.14239 | 4 |  | RESTAURADORES | 
167 | 38.71934 | -9.14513 | 5 |  | AVENIDA | 
167 | 38.72593 | -9.14965 | 6 |  | MARQUÊS DE POMBAL | 
167 | 38.72914 | -9.15015 | 7 |  | PARQUE | 
167 | 38.734 | -9.15365 | 8 |  | SÃO SEBASTIÃO | 
167 | 38.7377 | -9.15936 | 9 |  | PRAÇA DE ESPANHA | 
167 | 38.7412 | -9.16836 | 10 |  | JARDIM ZOOLÓGICO | 
167 | 38.74849 | -9.17252 | 11 |  | LARANJEIRAS | 
167 | 38.74993 | -9.18007 | 12 |  | ALTO DOS MOINHOS | 
167 | 38.75372 | -9.18987 | 13 |  | COLÉGIO MILITAR | 
167 | 38.75901 | -9.19276 | 14 |  | CARNIDE | 
167 | 38.76223 | -9.19697 | 15 |  | PONTINHA | 
167 | 38.76035 | -9.20455 | 16 |  | ALFORNELOS | 
167 | 38.75855 | -9.21794 | 17 |  | AMADORA ESTE | 
167 | 38.75221 | -9.22414 | 18 |  | REBOLEIRA | 
168 | 38.76017 | -9.16609 | 1 |  | TELHEIRAS | 
168 | 38.76016 | -9.15788 | 2 |  | CAMPO GRANDE | 
168 | 38.75327 | -9.1441 | 3 |  | ALVALADE | 
168 | 38.74808 | -9.1413 | 4 |  | ROMA | 
168 | 38.74228 | -9.13349 | 5 |  | AREEIRO | 
168 | 38.73696 | -9.13389 | 6 |  | ALAMEDA | 
168 | 38.73285 | -9.1343 | 7 |  | ARROIOS | 
168 | 38.72703 | -9.13488 | 8 |  | ANJOS | 
168 | 38.72326 | -9.13526 | 9 |  | INTENDENTE | 
168 | 38.71762 | -9.1358 | 10 |  | MARTIM MONIZ | 
168 | 38.71402 | -9.13796 | 11 |  | ROSSIO | 
168 | 38.71041 | -9.14018 | 12 |  | BAIXA CHIADO | 
168 | 38.70611 | -9.14612 | 13 |  | CAIS DO SODRÉ | 
169 | 38.70611 | -9.14612 | 1 |  | CAIS DO SODRÉ | 
169 | 38.71041 | -9.14018 | 2 |  | BAIXA CHIADO | 
169 | 38.71402 | -9.13796 | 3 |  | ROSSIO | 
169 | 38.71762 | -9.1358 | 4 |  | MARTIM MONIZ | 
169 | 38.72326 | -9.13526 | 5 |  | INTENDENTE | 
169 | 38.72703 | -9.13488 | 6 |  | ANJOS | 
169 | 38.73285 | -9.1343 | 7 |  | ARROIOS | 
169 | 38.73696 | -9.13389 | 8 |  | ALAMEDA | 
169 | 38.74228 | -9.13349 | 9 |  | AREEIRO | 
169 | 38.74808 | -9.1413 | 10 |  | ROMA | 
169 | 38.75327 | -9.1441 | 11 |  | ALVALADE | 
169 | 38.76016 | -9.15788 | 12 |  | CAMPO GRANDE | 
169 | 38.76017 | -9.16609 | 13 |  | TELHEIRAS | 
170 | 38.734 | -9.15365 | 1 |  | SÃO SEBASTIÃO | 
170 | 38.73483 | -9.14528 | 2 |  | SALDANHA | 
170 | 38.73696 | -9.13389 | 3 |  | ALAMEDA | 
170 | 38.74019 | -9.12297 | 4 |  | OLAIAS | 
170 | 38.7476 | -9.11772 | 5 |  | BELA VISTA | 
170 | 38.75475 | -9.11404 | 6 |  | CHELAS | 
170 | 38.76084 | -9.11185 | 7 |  | OLIVAIS | 
170 | 38.76294 | -9.10518 | 8 |  | CABO RUIVO | 
170 | 38.76786 | -9.09973 | 9 |  | ORIENTE | 
170 | 38.77496 | -9.10304 | 10 |  | MOSCAVIDE | 
170 | 38.77499 | -9.11538 | 11 |  | ENCARNAÇÃO | 
170 | 38.76862 | -9.12833 | 12 |  | AEROPORTO | 
171 | 38.76862 | -9.12833 | 1 |  | AEROPORTO | 
171 | 38.77499 | -9.11538 | 2 |  | ENCARNAÇÃO | 
171 | 38.77496 | -9.10304 | 3 |  | MOSCAVIDE | 
171 | 38.76786 | -9.09973 | 4 |  | ORIENTE | 
171 | 38.76294 | -9.10518 | 5 |  | CABO RUIVO | 
171 | 38.76084 | -9.11185 | 6 |  | OLIVAIS | 
171 | 38.75475 | -9.11404 | 7 |  | CHELAS | 
171 | 38.7476 | -9.11772 | 8 |  | BELA VISTA | 
171 | 38.74019 | -9.12297 | 9 |  | OLAIAS | 
171 | 38.73696 | -9.13389 | 10 |  | ALAMEDA | 
171 | 38.73483 | -9.14528 | 11 |  | SALDANHA | 
171 | 38.734 | -9.15365 | 12 |  | SÃO SEBASTIÃO | 
4919 | 38.76223 | -9.19697 | 1 |  | PONTINHA | 
4919 | 38.75901 | -9.19276 | 2 |  | CARNIDE | 
4919 | 38.75372 | -9.18987 | 3 |  | COLÉGIO MILITAR | 
4919 | 38.74993 | -9.18007 | 4 |  | ALTO DOS MOINHOS | 
4919 | 38.74849 | -9.17252 | 5 |  | LARANJEIRAS | 
4919 | 38.7412 | -9.16836 | 6 |  | JARDIM ZOOLÓGICO | 
4919 | 38.7377 | -9.15936 | 7 |  | PRAÇA DE ESPANHA | 
4919 | 38.734 | -9.15365 | 8 |  | SÃO SEBASTIÃO | 
4919 | 38.72914 | -9.15015 | 9 |  | PARQUE | 
4919 | 38.72593 | -9.14965 | 10 |  | MARQUÊS DE POMBAL | 
4919 | 38.71934 | -9.14513 | 11 |  | AVENIDA | 
4919 | 38.7161 | -9.14239 | 12 |  | RESTAURADORES | 
4919 | 38.71041 | -9.14018 | 13 |  | BAIXA CHIADO | 
4919 | 38.70722 | -9.13286 | 14 |  | TERREIRO PAÇO | 
4919 | 38.71378 | -9.12212 | 15 |  | SANTA APOLÓNIA | 
4920 | 38.71378 | -9.12212 | 1 |  | SANTA APOLÓNIA | 
4920 | 38.70722 | -9.13286 | 2 |  | TERREIRO PAÇO | 
4920 | 38.71041 | -9.14018 | 3 |  | BAIXA CHIADO | 
4920 | 38.7161 | -9.14239 | 4 |  | RESTAURADORES | 
4920 | 38.71934 | -9.14513 | 5 |  | AVENIDA | 
4920 | 38.72593 | -9.14965 | 6 |  | MARQUÊS DE POMBAL | 
4920 | 38.72914 | -9.15015 | 7 |  | PARQUE | 
4920 | 38.734 | -9.15365 | 8 |  | SÃO SEBASTIÃO | 
4920 | 38.7377 | -9.15936 | 9 |  | PRAÇA DE ESPANHA | 
4920 | 38.7412 | -9.16836 | 10 |  | JARDIM ZOOLÓGICO | 
4920 | 38.74849 | -9.17252 | 11 |  | LARANJEIRAS | 
4920 | 38.74993 | -9.18007 | 12 |  | ALTO DOS MOINHOS | 
4920 | 38.75372 | -9.18987 | 13 |  | COLÉGIO MILITAR | 
4920 | 38.75901 | -9.19276 | 14 |  | CARNIDE | 
4920 | 38.76223 | -9.19697 | 15 |  | PONTINHA | 
4921 | 38.72011 | -9.15486 | 1 |  | RATO | 
4921 | 38.72593 | -9.14965 | 2 |  | MARQUÊS DE POMBAL | 
4921 | 38.73024 | -9.14703 | 3 |  | PICOAS | 
4921 | 38.73483 | -9.14528 | 4 |  | SALDANHA | 
4921 | 38.74079 | -9.14673 | 5 |  | CAMPO PEQUENO | 
4921 | 38.74698 | -9.14823 | 6 |  | ENTRE CAMPOS | 
4921 | 38.75144 | -9.15915 | 7 |  | CIDADE UNIVERSITÁRIA | 
4921 | 38.76016 | -9.15788 | 8 |  | CAMPO GRANDE | 
4922 | 38.76016 | -9.15788 | 1 |  | CAMPO GRANDE | 
4922 | 38.75144 | -9.15915 | 2 |  | CIDADE UNIVERSITÁRIA | 
4922 | 38.74698 | -9.14823 | 3 |  | ENTRE CAMPOS | 
4922 | 38.74079 | -9.14673 | 4 |  | CAMPO PEQUENO | 
4922 | 38.73483 | -9.14528 | 5 |  | SALDANHA | 
4922 | 38.73024 | -9.14703 | 6 |  | PICOAS | 
4922 | 38.72593 | -9.14965 | 7 |  | MARQUÊS DE POMBAL | 
4922 | 38.72011 | -9.15486 | 8 |  | RATO | 
50953 | 38.76017 | -9.16609 | 1 |  | TELHEIRAS | 
50953 | 38.76016 | -9.15788 | 2 |  | CAMPO GRANDE | 
50953 | 38.75327 | -9.1441 | 3 |  | ALVALADE | 
50953 | 38.74808 | -9.1413 | 4 |  | ROMA | 
50953 | 38.74228 | -9.13349 | 5 |  | AREEIRO | 
50953 | 38.73696 | -9.13389 | 6 |  | ALAMEDA | 
50953 | 38.72703 | -9.13488 | 7 |  | ANJOS | 
50953 | 38.72326 | -9.13526 | 8 |  | INTENDENTE | 
50953 | 38.71762 | -9.1358 | 9 |  | MARTIM MONIZ | 
50953 | 38.71402 | -9.13796 | 10 |  | ROSSIO | 
50953 | 38.71041 | -9.14018 | 11 |  | BAIXA CHIADO | 
50953 | 38.70611 | -9.14612 | 12 |  | CAIS DO SODRÉ | 
50954 | 38.70611 | -9.14612 | 1 |  | CAIS DO SODRÉ | 
50954 | 38.71041 | -9.14018 | 2 |  | BAIXA CHIADO | 
50954 | 38.71402 | -9.13796 | 3 |  | ROSSIO | 
50954 | 38.71762 | -9.1358 | 4 |  | MARTIM MONIZ | 
50954 | 38.72326 | -9.13526 | 5 |  | INTENDENTE | 
50954 | 38.72703 | -9.13488 | 6 |  | ANJOS | 
50954 | 38.73696 | -9.13389 | 7 |  | ALAMEDA | 
50954 | 38.74228 | -9.13349 | 8 |  | AREEIRO | 
50954 | 38.74808 | -9.1413 | 9 |  | ROMA | 
50954 | 38.75327 | -9.1441 | 10 |  | ALVALADE | 
50954 | 38.76016 | -9.15788 | 11 |  | CAMPO GRANDE | 
50954 | 38.76017 | -9.16609 | 12 |  | TELHEIRAS | 
